\Args: Namespace(attn_mode=0, base_model='baffo32/decapoda-research-llama-7B-hf', batch_size=64, block_attention_layer_end=30, block_attention_layer_start=4, block_mlp_layer_end=30, block_mlp_layer_start=4, dataset='wikitext2', device='cuda', eval_device='cuda', kq_mode='qr_pivot', max_seq_len=128, nbatches=1, prune_attn=True, prune_mlp=True, pruning_ratio_attn=0.25, pruning_ratio_mlp=0.25, reconstruct=False, save_ckpt_log_name='gpt_prune', save_model=True, seed=42, test_after_prune=False, test_before_train=False, torch_version=2.1)
mini batch 0
***************
***************
********** Block 4 **********
tensor([[0.0000, 0.1722, 0.2837,  ..., 0.4106, 0.5839, 0.2928],
        [0.1722, 0.0000, 0.2821,  ..., 0.4023, 0.5566, 0.2720],
        [0.2837, 0.2821, 0.0000,  ..., 0.3122, 0.4918, 0.1950],
        ...,
        [0.4106, 0.4023, 0.3122,  ..., 0.0000, 0.3170, 0.2335],
        [0.5839, 0.5566, 0.4918,  ..., 0.3170, 0.0000, 0.2529],
        [0.2928, 0.2720, 0.1950,  ..., 0.2335, 0.2529, 0.0000]],
       device='cuda:0')
Index: (0, 24), Value: 0.14701250195503235
Index: (20, 24), Value: 0.15129268169403076
Index: (11, 24), Value: 0.15836644172668457
Index: (20, 21), Value: 0.1631036251783371
Index: (14, 24), Value: 0.1632603257894516
Index: (9, 14), Value: 0.1672225445508957
Index: (0, 21), Value: 0.168960303068161
Index: (21, 24), Value: 0.1699274331331253
Index: (2, 18), Value: 0.17166753113269806
Index: (0, 1), Value: 0.17219525575637817
Index: (1, 24), Value: 0.1777198314666748
Index: (7, 14), Value: 0.18077298998832703
Index: (28, 31), Value: 0.18182061612606049
Index: (9, 20), Value: 0.18364503979682922
Index: (14, 20), Value: 0.18520721793174744
Index: (10, 23), Value: 0.1874774545431137
Index: (7, 24), Value: 0.188149094581604
Index: (12, 18), Value: 0.1888897716999054
Index: (18, 31), Value: 0.19177693128585815
Index: (2, 8), Value: 0.1919073760509491
Index: (5, 25), Value: 0.19246047735214233
Index: (9, 24), Value: 0.19314324855804443
Index: (9, 10), Value: 0.19381964206695557
Index: (13, 29), Value: 0.19416716694831848
Index: (8, 31), Value: 0.19466754794120789
Index: (2, 31), Value: 0.19495302438735962
Index: (12, 31), Value: 0.19584350287914276
Index: (12, 28), Value: 0.19706934690475464
Index: (18, 21), Value: 0.19750669598579407
Index: (19, 23), Value: 0.19773268699645996
Index: (7, 18), Value: 0.1978663206100464
Index: (3, 12), Value: 0.19798493385314941
Index: (9, 21), Value: 0.19923913478851318
tensor([ 1, 24, 11,  0,  7, 10, 21, 14, 23, 18,  4, 19, 31, 20,  2,  8, 25,  9,
        28, 12, 22, 26,  6,  5, 15, 27,  3, 29, 13, 17, 16, 30],
       device='cuda:0')
********** Block 5 **********
tensor([[0.0000, 0.2369, 0.3078,  ..., 0.4088, 0.2625, 0.2359],
        [0.2369, 0.0000, 0.2054,  ..., 0.3111, 0.2241, 0.2638],
        [0.3078, 0.2054, 0.0000,  ..., 0.2850, 0.2447, 0.3233],
        ...,
        [0.4088, 0.3111, 0.2850,  ..., 0.0000, 0.2805, 0.3622],
        [0.2625, 0.2241, 0.2447,  ..., 0.2805, 0.0000, 0.3049],
        [0.2359, 0.2638, 0.3233,  ..., 0.3622, 0.3049, 0.0000]],
       device='cuda:0')
Index: (14, 16), Value: 0.14660508930683136
Index: (1, 26), Value: 0.1531745046377182
Index: (6, 30), Value: 0.15681391954421997
Index: (22, 28), Value: 0.1600826233625412
Index: (18, 26), Value: 0.16147102415561676
Index: (4, 26), Value: 0.16385728120803833
Index: (1, 8), Value: 0.16387876868247986
Index: (4, 28), Value: 0.16430246829986572
Index: (16, 28), Value: 0.16485315561294556
Index: (26, 28), Value: 0.1681031435728073
Index: (8, 26), Value: 0.1688837707042694
Index: (24, 26), Value: 0.17043235898017883
Index: (18, 28), Value: 0.17046000063419342
Index: (14, 28), Value: 0.1706358790397644
Index: (1, 28), Value: 0.17097875475883484
Index: (2, 26), Value: 0.1713966280221939
Index: (12, 28), Value: 0.17192642390727997
Index: (23, 24), Value: 0.17262376844882965
Index: (1, 16), Value: 0.1732388734817505
Index: (24, 28), Value: 0.17357110977172852
Index: (12, 24), Value: 0.17366263270378113
Index: (1, 27), Value: 0.1740371733903885
Index: (4, 27), Value: 0.17467254400253296
Index: (19, 28), Value: 0.17520290613174438
Index: (3, 18), Value: 0.17600029706954956
Index: (4, 18), Value: 0.17643031477928162
Index: (27, 28), Value: 0.17735381424427032
Index: (27, 30), Value: 0.17894905805587769
Index: (12, 22), Value: 0.18003958463668823
Index: (8, 28), Value: 0.18060925602912903
Index: (18, 24), Value: 0.18063488602638245
Index: (12, 26), Value: 0.18143555521965027
Index: (11, 30), Value: 0.1838611513376236
Index: (0, 20), Value: 0.18419364094734192
Index: (19, 26), Value: 0.18638034164905548
Index: (1, 4), Value: 0.18695354461669922
Index: (2, 18), Value: 0.18704716861248016
Index: (4, 16), Value: 0.18726390600204468
Index: (11, 21), Value: 0.1876423954963684
Index: (2, 16), Value: 0.18802803754806519
Index: (13, 24), Value: 0.19084522128105164
Index: (3, 24), Value: 0.19209153950214386
Index: (12, 16), Value: 0.19249354302883148
Index: (12, 18), Value: 0.19322052597999573
Index: (13, 18), Value: 0.19326743483543396
Index: (2, 28), Value: 0.19482694566249847
Index: (11, 19), Value: 0.19660061597824097
Index: (3, 26), Value: 0.1973755955696106
Index: (3, 16), Value: 0.19748064875602722
Index: (22, 26), Value: 0.1987888514995575
Index: (11, 16), Value: 0.19891178607940674
Index: (7, 28), Value: 0.19968831539154053
tensor([ 5, 26,  8, 16, 28, 30,  7, 21, 19,  1, 11,  0, 18, 20,  2,  4, 27,  6,
        31, 14, 22, 17, 25,  3, 24, 12, 29, 15,  9, 13, 10, 23],
       device='cuda:0')
********** Block 6 **********
tensor([[0.0000, 0.3564, 0.2418,  ..., 0.4261, 0.2292, 0.3808],
        [0.3564, 0.0000, 0.3313,  ..., 0.2949, 0.2710, 0.3388],
        [0.2418, 0.3313, 0.0000,  ..., 0.5022, 0.2514, 0.3301],
        ...,
        [0.4261, 0.2949, 0.5022,  ..., 0.0000, 0.2553, 0.3384],
        [0.2292, 0.2710, 0.2514,  ..., 0.2553, 0.0000, 0.3719],
        [0.3808, 0.3388, 0.3301,  ..., 0.3384, 0.3719, 0.0000]],
       device='cuda:0')
Index: (22, 24), Value: 0.12958043813705444
Index: (3, 24), Value: 0.1763988584280014
Index: (27, 30), Value: 0.1816720962524414
Index: (6, 24), Value: 0.1856888383626938
Index: (7, 24), Value: 0.18632568418979645
Index: (3, 19), Value: 0.18649305403232574
Index: (18, 27), Value: 0.19049754738807678
Index: (2, 3), Value: 0.19087114930152893
Index: (0, 18), Value: 0.19154438376426697
Index: (5, 19), Value: 0.19744573533535004
tensor([24,  6, 22, 19,  3, 30,  7, 17, 18, 11, 27, 23,  2, 20, 31, 10, 28,  1,
        25,  5,  9,  4,  8, 21, 16,  0, 29, 26, 12, 13, 14, 15],
       device='cuda:0')
********** Block 7 **********
tensor([[0.0000, 0.3476, 0.3395,  ..., 0.3687, 0.4316, 0.3209],
        [0.3476, 0.0000, 0.3662,  ..., 0.3856, 0.3837, 0.4135],
        [0.3395, 0.3662, 0.0000,  ..., 0.3769, 0.4282, 0.2890],
        ...,
        [0.3687, 0.3856, 0.3769,  ..., 0.0000, 0.3094, 0.3207],
        [0.4316, 0.3837, 0.4282,  ..., 0.3094, 0.0000, 0.3777],
        [0.3209, 0.4135, 0.2890,  ..., 0.3207, 0.3777, 0.0000]],
       device='cuda:0')
Index: (11, 13), Value: 0.18053793907165527
Index: (19, 22), Value: 0.18383708596229553
Index: (1, 25), Value: 0.18388184905052185
Index: (25, 26), Value: 0.1865377426147461
Index: (17, 26), Value: 0.19066548347473145
Index: (1, 13), Value: 0.1931246817111969
Index: (19, 25), Value: 0.19399255514144897
Index: (6, 25), Value: 0.19673922657966614
Index: (3, 26), Value: 0.19879883527755737
Index: (2, 25), Value: 0.19881640374660492
Index: (11, 24), Value: 0.1991567611694336
tensor([26, 22,  3, 13, 25, 19,  6, 17,  1, 23, 24,  5,  4, 10,  7, 20, 11, 31,
         9,  2, 12, 28, 16,  8,  0, 14, 27, 30, 21, 29, 15, 18],
       device='cuda:0')
********** Block 8 **********
tensor([[0.0000, 0.2743, 0.3517,  ..., 0.5868, 0.4683, 0.6791],
        [0.2743, 0.0000, 0.4672,  ..., 0.7042, 0.7199, 0.9009],
        [0.3517, 0.4672, 0.0000,  ..., 0.4251, 0.3764, 0.4764],
        ...,
        [0.5868, 0.7042, 0.4251,  ..., 0.0000, 0.4198, 0.3610],
        [0.4683, 0.7199, 0.3764,  ..., 0.4198, 0.0000, 0.4308],
        [0.6791, 0.9009, 0.4764,  ..., 0.3610, 0.4308, 0.0000]],
       device='cuda:0')
Index: (6, 19), Value: 0.19580397009849548
Index: (6, 18), Value: 0.19890974462032318
tensor([12,  1,  0, 25,  2,  4, 15,  7, 29, 13, 22,  5, 31, 20,  8, 23, 30, 18,
        24, 17, 10, 26, 19,  6,  3, 14, 28,  9, 16, 21, 11, 27],
       device='cuda:0')
********** Block 9 **********
tensor([[0.0000, 0.2726, 0.3606,  ..., 0.4080, 0.3169, 0.3141],
        [0.2726, 0.0000, 0.3948,  ..., 0.4160, 0.2807, 0.3378],
        [0.3606, 0.3948, 0.0000,  ..., 0.6346, 0.5730, 0.2484],
        ...,
        [0.4080, 0.4160, 0.6346,  ..., 0.0000, 0.3183, 0.3267],
        [0.3169, 0.2807, 0.5730,  ..., 0.3183, 0.0000, 0.3336],
        [0.3141, 0.3378, 0.2484,  ..., 0.3267, 0.3336, 0.0000]],
       device='cuda:0')
Index: (11, 25), Value: 0.1745433658361435
Index: (11, 27), Value: 0.18774577975273132
tensor([31, 10,  2, 25, 13, 27,  7, 16, 20, 26, 17, 21, 19,  0, 22,  9,  3, 14,
        11,  1,  4, 29, 18, 12, 24, 23, 30,  6, 28,  5, 15,  8],
       device='cuda:0')
********** Block 10 **********
tensor([[0.0000, 0.6529, 0.4970,  ..., 0.5521, 0.3474, 0.4365],
        [0.6529, 0.0000, 0.2899,  ..., 0.3149, 0.3301, 0.3906],
        [0.4970, 0.2899, 0.0000,  ..., 0.3019, 0.2963, 0.3856],
        ...,
        [0.5521, 0.3149, 0.3019,  ..., 0.0000, 0.3986, 0.5017],
        [0.3474, 0.3301, 0.2963,  ..., 0.3986, 0.0000, 0.3026],
        [0.4365, 0.3906, 0.3856,  ..., 0.5017, 0.3026, 0.0000]],
       device='cuda:0')
Index: (7, 13), Value: 0.18571168184280396
Index: (0, 13), Value: 0.18615737557411194
Index: (0, 7), Value: 0.18813854455947876
Index: (9, 14), Value: 0.19070233404636383
Index: (9, 13), Value: 0.19154852628707886
tensor([13,  3,  7,  0, 14, 22, 28, 27, 15, 29, 30, 26,  9, 23,  2, 12, 11, 17,
         4, 20, 19, 31,  8,  1,  6, 24, 18, 16,  5, 25, 21, 10],
       device='cuda:0')
********** Block 11 **********
tensor([[0.0000, 0.4078, 0.4277,  ..., 0.4123, 0.4585, 0.3334],
        [0.4078, 0.0000, 0.3441,  ..., 0.2762, 0.3573, 0.3659],
        [0.4277, 0.3441, 0.0000,  ..., 0.3741, 0.4267, 0.4965],
        ...,
        [0.4123, 0.2762, 0.3741,  ..., 0.0000, 0.4706, 0.4230],
        [0.4585, 0.3573, 0.4267,  ..., 0.4706, 0.0000, 0.4284],
        [0.3334, 0.3659, 0.4965,  ..., 0.4230, 0.4284, 0.0000]],
       device='cuda:0')
tensor([16,  6, 25, 19, 29, 15,  2, 21,  4,  3, 12,  7, 11, 13, 23,  1, 27,  5,
        28, 26, 24,  0, 22, 31, 10, 14, 18,  8, 30, 17, 20,  9],
       device='cuda:0')
********** Block 12 **********
tensor([[0.0000, 0.4106, 0.4009,  ..., 0.4359, 0.4301, 0.3779],
        [0.4106, 0.0000, 0.4601,  ..., 0.4706, 0.7449, 0.3654],
        [0.4009, 0.4601, 0.0000,  ..., 0.4155, 0.5761, 0.3689],
        ...,
        [0.4359, 0.4706, 0.4155,  ..., 0.0000, 0.5775, 0.4235],
        [0.4301, 0.7449, 0.5761,  ..., 0.5775, 0.0000, 0.5289],
        [0.3779, 0.3654, 0.3689,  ..., 0.4235, 0.5289, 0.0000]],
       device='cuda:0')
tensor([20, 31,  8,  4, 28,  1, 18,  3, 12, 16,  9, 13, 11,  7, 25, 29, 27, 24,
        15, 21,  0, 23,  2, 19, 17, 26, 30,  5, 14, 10, 22,  6],
       device='cuda:0')
********** Block 13 **********
tensor([[0.0000, 0.4244, 0.3046,  ..., 0.2323, 0.3966, 0.4737],
        [0.4244, 0.0000, 0.3306,  ..., 0.2515, 0.2742, 0.3994],
        [0.3046, 0.3306, 0.0000,  ..., 0.2390, 0.5503, 0.6575],
        ...,
        [0.2323, 0.2515, 0.2390,  ..., 0.0000, 0.4510, 0.5209],
        [0.3966, 0.2742, 0.5503,  ..., 0.4510, 0.0000, 0.4320],
        [0.4737, 0.3994, 0.6575,  ..., 0.5209, 0.4320, 0.0000]],
       device='cuda:0')
Index: (5, 20), Value: 0.13748317956924438
Index: (5, 29), Value: 0.13888150453567505
Index: (20, 29), Value: 0.14080029726028442
Index: (4, 20), Value: 0.178970068693161
Index: (4, 29), Value: 0.18311387300491333
tensor([29, 20,  4,  2,  5,  7, 25, 28, 15,  0, 23, 30, 18, 24, 19,  6,  1, 22,
        12, 13, 31,  3, 11, 14, 17, 27, 16,  9, 10, 26, 21,  8],
       device='cuda:0')
********** Block 14 **********
tensor([[0.0000, 0.4380, 0.3755,  ..., 0.2966, 0.4274, 0.4286],
        [0.4380, 0.0000, 0.3092,  ..., 0.2796, 0.3993, 0.3145],
        [0.3755, 0.3092, 0.0000,  ..., 0.2828, 0.3014, 0.3870],
        ...,
        [0.2966, 0.2796, 0.2828,  ..., 0.0000, 0.4952, 0.3120],
        [0.4274, 0.3993, 0.3014,  ..., 0.4952, 0.0000, 0.4118],
        [0.4286, 0.3145, 0.3870,  ..., 0.3120, 0.4118, 0.0000]],
       device='cuda:0')
tensor([11, 15, 31, 24, 29, 28, 16, 14,  8, 10,  6, 21, 18,  4, 22,  7, 19,  9,
        17,  0, 12,  5, 25, 13, 20, 23,  3,  1, 26, 30,  2, 27],
       device='cuda:0')
********** Block 15 **********
tensor([[0.0000, 0.5257, 0.3628,  ..., 0.5215, 0.3576, 0.3057],
        [0.5257, 0.0000, 0.4994,  ..., 0.3915, 0.4127, 0.4942],
        [0.3628, 0.4994, 0.0000,  ..., 0.6695, 0.4087, 0.3322],
        ...,
        [0.5215, 0.3915, 0.6695,  ..., 0.0000, 0.4698, 0.5608],
        [0.3576, 0.4127, 0.4087,  ..., 0.4698, 0.0000, 0.3554],
        [0.3057, 0.4942, 0.3322,  ..., 0.5608, 0.3554, 0.0000]],
       device='cuda:0')
Index: (6, 19), Value: 0.14414554834365845
Index: (9, 19), Value: 0.16717278957366943
Index: (14, 23), Value: 0.19891983270645142
Index: (13, 19), Value: 0.19994163513183594
tensor([19, 13, 23,  6, 26, 16,  9, 20,  5,  2, 21, 25, 17, 30, 24, 28, 10, 14,
         7, 27, 12, 11, 18, 29,  3,  0, 31, 22,  4,  8, 15,  1],
       device='cuda:0')
********** Block 16 **********
tensor([[0.0000, 0.3818, 0.4162,  ..., 0.2558, 0.3045, 0.3998],
        [0.3818, 0.0000, 0.3962,  ..., 0.3506, 0.3401, 0.3556],
        [0.4162, 0.3962, 0.0000,  ..., 0.3416, 0.4127, 0.4049],
        ...,
        [0.2558, 0.3506, 0.3416,  ..., 0.0000, 0.3705, 0.4105],
        [0.3045, 0.3401, 0.4127,  ..., 0.3705, 0.0000, 0.4006],
        [0.3998, 0.3556, 0.4049,  ..., 0.4105, 0.4006, 0.0000]],
       device='cuda:0')
Index: (13, 14), Value: 0.1700906753540039
Index: (4, 14), Value: 0.18490508198738098
Index: (5, 14), Value: 0.18600037693977356
Index: (4, 21), Value: 0.19675004482269287
Index: (14, 21), Value: 0.1983620524406433
tensor([14, 21, 13, 24, 27, 11,  5,  6,  4, 29,  7, 15,  1,  0, 19,  2, 10, 30,
        28, 22, 12, 26, 16, 23,  3, 20,  9, 25, 31, 18,  8, 17],
       device='cuda:0')
********** Block 17 **********
tensor([[0.0000, 0.3281, 0.3759,  ..., 0.4156, 0.5769, 0.2618],
        [0.3281, 0.0000, 0.6045,  ..., 0.5106, 0.6321, 0.2852],
        [0.3759, 0.6045, 0.0000,  ..., 0.3929, 0.4860, 0.3479],
        ...,
        [0.4156, 0.5106, 0.3929,  ..., 0.0000, 0.5926, 0.3226],
        [0.5769, 0.6321, 0.4860,  ..., 0.5926, 0.0000, 0.4548],
        [0.2618, 0.2852, 0.3479,  ..., 0.3226, 0.4548, 0.0000]],
       device='cuda:0')
Index: (22, 31), Value: 0.13015326857566833
Index: (4, 22), Value: 0.15193165838718414
Index: (9, 31), Value: 0.15411002933979034
Index: (4, 9), Value: 0.15629544854164124
Index: (9, 22), Value: 0.1625843048095703
Index: (4, 31), Value: 0.16586151719093323
Index: (8, 22), Value: 0.17689159512519836
Index: (8, 9), Value: 0.18688593804836273
Index: (16, 31), Value: 0.18811443448066711
Index: (16, 22), Value: 0.18989033997058868
Index: (21, 22), Value: 0.19015246629714966
Index: (5, 28), Value: 0.193805992603302
Index: (8, 31), Value: 0.19385932385921478
Index: (6, 31), Value: 0.19435863196849823
tensor([ 5, 31, 14,  9, 22,  6, 28, 15,  4,  7, 24,  1, 16, 26, 10, 20,  8, 21,
        25, 11, 13, 27,  0, 23,  3, 18, 17, 12,  2, 29, 30, 19],
       device='cuda:0')
********** Block 18 **********
tensor([[0.0000, 0.4531, 0.5694,  ..., 0.4725, 0.4083, 0.3768],
        [0.4531, 0.0000, 0.3519,  ..., 0.6197, 0.3741, 0.3319],
        [0.5694, 0.3519, 0.0000,  ..., 0.5344, 0.2923, 0.3781],
        ...,
        [0.4725, 0.6197, 0.5344,  ..., 0.0000, 0.3876, 0.3294],
        [0.4083, 0.3741, 0.2923,  ..., 0.3876, 0.0000, 0.3214],
        [0.3768, 0.3319, 0.3781,  ..., 0.3294, 0.3214, 0.0000]],
       device='cuda:0')
Index: (20, 24), Value: 0.15916037559509277
Index: (8, 20), Value: 0.165907084941864
Index: (6, 8), Value: 0.17672111093997955
Index: (8, 24), Value: 0.1767215132713318
Index: (6, 20), Value: 0.17840003967285156
Index: (6, 24), Value: 0.17918860912322998
Index: (19, 24), Value: 0.18012025952339172
Index: (19, 31), Value: 0.18702451884746552
Index: (1, 23), Value: 0.18833976984024048
Index: (14, 24), Value: 0.18999391794204712
Index: (3, 8), Value: 0.19171454012393951
Index: (21, 24), Value: 0.19317033886909485
Index: (15, 20), Value: 0.1955997347831726
Index: (15, 24), Value: 0.19751784205436707
Index: (3, 24), Value: 0.19832299649715424
tensor([20, 24,  8, 19,  6, 26, 12, 13, 31, 25,  1, 18, 11, 17, 23, 16, 14,  5,
        21,  0,  3, 15, 10, 30,  9,  4, 22, 27,  2, 29,  7, 28],
       device='cuda:0')
********** Block 19 **********
tensor([[0.0000, 0.3796, 0.3418,  ..., 0.3202, 0.3876, 0.6782],
        [0.3796, 0.0000, 0.2521,  ..., 0.2040, 0.2174, 0.6309],
        [0.3418, 0.2521, 0.0000,  ..., 0.2368, 0.2493, 0.6363],
        ...,
        [0.3202, 0.2040, 0.2368,  ..., 0.0000, 0.2457, 0.6462],
        [0.3876, 0.2174, 0.2493,  ..., 0.2457, 0.0000, 0.6622],
        [0.6782, 0.6309, 0.6363,  ..., 0.6462, 0.6622, 0.0000]],
       device='cuda:0')
Index: (2, 16), Value: 0.14957091212272644
Index: (11, 16), Value: 0.15510955452919006
Index: (11, 20), Value: 0.1579688936471939
Index: (6, 7), Value: 0.16070471704006195
Index: (11, 15), Value: 0.16559582948684692
Index: (5, 20), Value: 0.1680557131767273
Index: (1, 20), Value: 0.16971099376678467
Index: (15, 20), Value: 0.16989582777023315
Index: (2, 11), Value: 0.1716099977493286
Index: (15, 25), Value: 0.17466899752616882
Index: (2, 20), Value: 0.1764904260635376
Index: (1, 8), Value: 0.176530659198761
Index: (5, 8), Value: 0.1767427921295166
Index: (8, 20), Value: 0.17675675451755524
Index: (5, 11), Value: 0.1771208941936493
Index: (5, 15), Value: 0.178597092628479
Index: (8, 11), Value: 0.1800091564655304
Index: (1, 15), Value: 0.18275803327560425
Index: (1, 7), Value: 0.1847921907901764
Index: (15, 30), Value: 0.1851896047592163
Index: (16, 20), Value: 0.1851903796195984
Index: (25, 30), Value: 0.18735864758491516
Index: (5, 7), Value: 0.1874135583639145
Index: (2, 7), Value: 0.18801255524158478
Index: (8, 15), Value: 0.18828631937503815
Index: (1, 11), Value: 0.18972057104110718
Index: (5, 30), Value: 0.19289809465408325
Index: (18, 29), Value: 0.1954946219921112
Index: (2, 8), Value: 0.19659999012947083
tensor([ 7, 22,  8, 16, 20, 21, 11,  6, 15, 26,  4, 29,  2, 25, 27,  0, 30,  1,
        28, 14, 19,  9, 23, 18, 24, 10,  5, 13, 12,  3, 31, 17],
       device='cuda:0')
********** Block 20 **********
tensor([[0.0000, 0.2893, 0.3634,  ..., 0.3246, 0.3631, 0.3673],
        [0.2893, 0.0000, 0.2862,  ..., 0.3458, 0.3469, 0.3189],
        [0.3634, 0.2862, 0.0000,  ..., 0.4185, 0.4673, 0.3224],
        ...,
        [0.3246, 0.3458, 0.4185,  ..., 0.0000, 0.4000, 0.2752],
        [0.3631, 0.3469, 0.4673,  ..., 0.4000, 0.0000, 0.3557],
        [0.3673, 0.3189, 0.3224,  ..., 0.2752, 0.3557, 0.0000]],
       device='cuda:0')
Index: (2, 3), Value: 0.15704503655433655
Index: (2, 18), Value: 0.1585281491279602
Index: (13, 18), Value: 0.16221435368061066
Index: (8, 10), Value: 0.16355209052562714
Index: (3, 18), Value: 0.1695767045021057
Index: (5, 18), Value: 0.17164622247219086
Index: (7, 16), Value: 0.17212823033332825
Index: (2, 17), Value: 0.17368397116661072
Index: (4, 18), Value: 0.1766698956489563
Index: (10, 17), Value: 0.18256016075611115
Index: (11, 14), Value: 0.18319477140903473
Index: (10, 18), Value: 0.18636079132556915
Index: (3, 17), Value: 0.19154511392116547
Index: (22, 27), Value: 0.19191747903823853
Index: (5, 13), Value: 0.19228456914424896
Index: (15, 18), Value: 0.19258186221122742
Index: (4, 13), Value: 0.19552087783813477
Index: (2, 13), Value: 0.19611123204231262
Index: (13, 17), Value: 0.19782838225364685
Index: (17, 18), Value: 0.19859418272972107
tensor([ 3, 15, 18, 17, 28, 13, 10,  2, 16, 19,  7, 14, 23, 31,  6, 21, 11,  4,
        24,  1,  5, 27,  8, 22, 26,  9, 29,  0, 25, 30, 20, 12],
       device='cuda:0')
********** Block 21 **********
tensor([[0.0000, 0.2810, 0.4781,  ..., 0.4076, 0.3002, 0.2996],
        [0.2810, 0.0000, 0.4503,  ..., 0.4057, 0.2065, 0.2689],
        [0.4781, 0.4503, 0.0000,  ..., 0.4608, 0.2367, 0.3941],
        ...,
        [0.4076, 0.4057, 0.4608,  ..., 0.0000, 0.3013, 0.3085],
        [0.3002, 0.2065, 0.2367,  ..., 0.3013, 0.0000, 0.2995],
        [0.2996, 0.2689, 0.3941,  ..., 0.3085, 0.2995, 0.0000]],
       device='cuda:0')
Index: (18, 21), Value: 0.12837325036525726
Index: (8, 21), Value: 0.1511951982975006
Index: (1, 18), Value: 0.16337591409683228
Index: (20, 21), Value: 0.176023930311203
Index: (17, 21), Value: 0.1808781921863556
Index: (8, 19), Value: 0.1814381331205368
Index: (1, 21), Value: 0.18157312273979187
Index: (19, 21), Value: 0.18248547613620758
Index: (6, 18), Value: 0.18419276177883148
Index: (5, 21), Value: 0.18479374051094055
Index: (4, 21), Value: 0.185770183801651
Index: (4, 26), Value: 0.18637065589427948
Index: (5, 18), Value: 0.18958626687526703
Index: (6, 21), Value: 0.19125202298164368
Index: (17, 18), Value: 0.19787658751010895
Index: (7, 21), Value: 0.19916662573814392
tensor([21, 18, 19, 22, 24, 26,  4,  8, 30, 28, 20,  1, 17,  7,  5, 31, 10,  2,
        23, 13, 15, 25,  6, 16, 29, 12,  3,  0,  9, 11, 14, 27],
       device='cuda:0')
********** Block 22 **********
tensor([[0.0000, 0.2069, 0.3197,  ..., 0.2156, 0.1369, 0.2237],
        [0.2069, 0.0000, 0.4007,  ..., 0.2627, 0.1769, 0.2629],
        [0.3197, 0.4007, 0.0000,  ..., 0.2163, 0.2002, 0.2468],
        ...,
        [0.2156, 0.2627, 0.2163,  ..., 0.0000, 0.1681, 0.2478],
        [0.1369, 0.1769, 0.2002,  ..., 0.1681, 0.0000, 0.2339],
        [0.2237, 0.2629, 0.2468,  ..., 0.2478, 0.2339, 0.0000]],
       device='cuda:0')
Index: (1, 14), Value: 0.11029200255870819
Index: (0, 30), Value: 0.13689114153385162
Index: (11, 14), Value: 0.14211097359657288
Index: (6, 14), Value: 0.14631623029708862
Index: (22, 30), Value: 0.1474176049232483
Index: (0, 14), Value: 0.14821863174438477
Index: (3, 14), Value: 0.1487049162387848
Index: (18, 30), Value: 0.15109018981456757
Index: (16, 30), Value: 0.15631097555160522
Index: (6, 22), Value: 0.15651150047779083
Index: (1, 25), Value: 0.15654489398002625
Index: (18, 22), Value: 0.15808957815170288
Index: (16, 22), Value: 0.1602029651403427
Index: (14, 25), Value: 0.16148346662521362
Index: (11, 30), Value: 0.16202329099178314
Index: (6, 30), Value: 0.16688787937164307
Index: (29, 30), Value: 0.16807755827903748
Index: (26, 30), Value: 0.16886654496192932
Index: (16, 18), Value: 0.17334115505218506
Index: (11, 22), Value: 0.17378082871437073
Index: (9, 14), Value: 0.1752801388502121
Index: (1, 22), Value: 0.17602935433387756
Index: (21, 30), Value: 0.1766599416732788
Index: (1, 30), Value: 0.1769295632839203
Index: (6, 16), Value: 0.17771375179290771
Index: (22, 25), Value: 0.18050889670848846
Index: (25, 30), Value: 0.1814175397157669
Index: (14, 30), Value: 0.18272553384304047
Index: (0, 22), Value: 0.1829531490802765
Index: (18, 25), Value: 0.18393263220787048
Index: (8, 30), Value: 0.18601104617118835
Index: (2, 14), Value: 0.18685220181941986
Index: (11, 18), Value: 0.1879454255104065
Index: (6, 18), Value: 0.1888509839773178
Index: (0, 18), Value: 0.19090184569358826
Index: (9, 29), Value: 0.1912688910961151
Index: (8, 14), Value: 0.19229650497436523
Index: (6, 25), Value: 0.19271986186504364
Index: (6, 31), Value: 0.19788134098052979
Index: (16, 31), Value: 0.19788850843906403
Index: (19, 22), Value: 0.19862475991249084
Index: (16, 25), Value: 0.19892096519470215
Index: (2, 16), Value: 0.19985359907150269
Index: (9, 30), Value: 0.19994938373565674
Index: (11, 16), Value: 0.1999732255935669
tensor([14, 30, 25,  1, 24, 27,  3, 22, 21, 26, 19, 29, 11, 15,  0, 18, 16,  6,
         9,  8, 31, 13,  5, 20, 28,  4, 12, 10, 17,  2, 23,  7],
       device='cuda:0')
********** Block 23 **********
tensor([[0.0000, 0.3624, 0.2382,  ..., 0.1799, 0.3160, 0.3369],
        [0.3624, 0.0000, 0.2650,  ..., 0.1946, 0.2708, 0.2931],
        [0.2382, 0.2650, 0.0000,  ..., 0.1755, 0.2609, 0.2798],
        ...,
        [0.1799, 0.1946, 0.1755,  ..., 0.0000, 0.2758, 0.3037],
        [0.3160, 0.2708, 0.2609,  ..., 0.2758, 0.0000, 0.1972],
        [0.3369, 0.2931, 0.2798,  ..., 0.3037, 0.1972, 0.0000]],
       device='cuda:0')
Index: (19, 24), Value: 0.14198175072669983
Index: (9, 26), Value: 0.1503582000732422
Index: (24, 30), Value: 0.1537332534790039
Index: (4, 29), Value: 0.1555228978395462
Index: (2, 7), Value: 0.1555303931236267
Index: (14, 26), Value: 0.15660113096237183
Index: (14, 29), Value: 0.15818007290363312
Index: (9, 29), Value: 0.15825778245925903
Index: (11, 26), Value: 0.1596071422100067
Index: (17, 24), Value: 0.16056551039218903
Index: (4, 9), Value: 0.16121496260166168
Index: (7, 26), Value: 0.16245177388191223
Index: (2, 26), Value: 0.16525985300540924
Index: (17, 31), Value: 0.1661948263645172
Index: (26, 29), Value: 0.16708937287330627
Index: (19, 30), Value: 0.16715849936008453
Index: (15, 24), Value: 0.17222799360752106
Index: (11, 14), Value: 0.1723758578300476
Index: (11, 29), Value: 0.17416176199913025
Index: (4, 26), Value: 0.17534811794757843
Index: (2, 29), Value: 0.17547693848609924
Index: (0, 26), Value: 0.17694304883480072
Index: (7, 29), Value: 0.1776718646287918
Index: (16, 24), Value: 0.17909416556358337
Index: (17, 30), Value: 0.17980648577213287
Index: (0, 29), Value: 0.17992666363716125
Index: (2, 11), Value: 0.18015527725219727
Index: (7, 11), Value: 0.1803802251815796
Index: (7, 14), Value: 0.18216261267662048
Index: (24, 26), Value: 0.18275132775306702
Index: (24, 29), Value: 0.18280942738056183
Index: (0, 9), Value: 0.18494217097759247
Index: (20, 24), Value: 0.187173992395401
Index: (17, 19), Value: 0.18890075385570526
Index: (16, 19), Value: 0.18951943516731262
Index: (2, 14), Value: 0.19024458527565002
Index: (5, 24), Value: 0.19035224616527557
Index: (15, 31), Value: 0.1910981684923172
Index: (10, 26), Value: 0.19141936302185059
Index: (19, 31), Value: 0.19284020364284515
Index: (5, 31), Value: 0.1933022439479828
Index: (7, 9), Value: 0.19340729713439941
Index: (5, 17), Value: 0.19390688836574554
Index: (1, 29), Value: 0.19455759227275848
Index: (15, 29), Value: 0.1949065774679184
Index: (15, 30), Value: 0.19555041193962097
Index: (10, 29), Value: 0.19676560163497925
Index: (30, 31), Value: 0.19716975092887878
Index: (1, 26), Value: 0.1979706883430481
Index: (24, 31), Value: 0.19879630208015442
tensor([26,  9,  7, 11, 29, 14,  2, 10,  4,  0, 30, 24, 27, 21, 19, 16, 28, 31,
        18, 17,  6, 15, 20,  1,  5,  8, 22, 12, 23,  3, 13, 25],
       device='cuda:0')
********** Block 24 **********
tensor([[0.0000, 0.2576, 0.2405,  ..., 0.2337, 0.2189, 0.3640],
        [0.2576, 0.0000, 0.2404,  ..., 0.3021, 0.2318, 0.3384],
        [0.2405, 0.2404, 0.0000,  ..., 0.2938, 0.1754, 0.2611],
        ...,
        [0.2337, 0.3021, 0.2938,  ..., 0.0000, 0.2144, 0.3363],
        [0.2189, 0.2318, 0.1754,  ..., 0.2144, 0.0000, 0.2827],
        [0.3640, 0.3384, 0.2611,  ..., 0.3363, 0.2827, 0.0000]],
       device='cuda:0')
Index: (2, 3), Value: 0.13369479775428772
Index: (24, 26), Value: 0.1390804648399353
Index: (3, 9), Value: 0.13919448852539062
Index: (9, 18), Value: 0.1404467672109604
Index: (19, 22), Value: 0.1456621289253235
Index: (3, 18), Value: 0.14940021932125092
Index: (16, 26), Value: 0.15124759078025818
Index: (24, 30), Value: 0.15291938185691833
Index: (22, 26), Value: 0.15304461121559143
Index: (19, 26), Value: 0.1558835804462433
Index: (13, 22), Value: 0.15656530857086182
Index: (4, 9), Value: 0.15663883090019226
Index: (13, 19), Value: 0.1569957584142685
Index: (26, 30), Value: 0.15709874033927917
Index: (2, 24), Value: 0.16374027729034424
Index: (25, 26), Value: 0.16532769799232483
Index: (13, 18), Value: 0.16548243165016174
Index: (22, 30), Value: 0.16548937559127808
Index: (14, 26), Value: 0.16645042598247528
Index: (13, 26), Value: 0.16745322942733765
Index: (3, 26), Value: 0.1682642698287964
Index: (9, 19), Value: 0.168523907661438
Index: (22, 24), Value: 0.16860921680927277
Index: (15, 26), Value: 0.1690439134836197
Index: (2, 26), Value: 0.16914570331573486
Index: (9, 22), Value: 0.16945025324821472
Index: (19, 24), Value: 0.16946665942668915
Index: (4, 26), Value: 0.1704663336277008
Index: (14, 30), Value: 0.170468270778656
Index: (19, 30), Value: 0.1707167625427246
Index: (4, 18), Value: 0.17177608609199524
Index: (25, 30), Value: 0.17352081835269928
Index: (2, 19), Value: 0.17378854751586914
Index: (9, 26), Value: 0.17490381002426147
Index: (2, 30), Value: 0.17541399598121643
Index: (2, 18), Value: 0.175428569316864
Index: (2, 22), Value: 0.17568671703338623
Index: (16, 30), Value: 0.17625963687896729
Index: (15, 30), Value: 0.17774301767349243
Index: (12, 15), Value: 0.17922617495059967
Index: (4, 22), Value: 0.1795792281627655
Index: (24, 27), Value: 0.18008321523666382
Index: (4, 19), Value: 0.18023845553398132
Index: (0, 3), Value: 0.18062546849250793
Index: (14, 18), Value: 0.18108101189136505
Index: (2, 9), Value: 0.1817058026790619
Index: (15, 18), Value: 0.18267999589443207
Index: (23, 26), Value: 0.18366898596286774
Index: (12, 26), Value: 0.1839989721775055
Index: (14, 19), Value: 0.1844453513622284
Index: (3, 22), Value: 0.18590697646141052
Index: (19, 27), Value: 0.18603460490703583
Index: (13, 24), Value: 0.18620532751083374
Index: (18, 19), Value: 0.18643873929977417
Index: (1, 3), Value: 0.18692272901535034
Index: (3, 19), Value: 0.18703287839889526
Index: (25, 28), Value: 0.18722960352897644
Index: (22, 27), Value: 0.18767254054546356
Index: (23, 30), Value: 0.18769007921218872
Index: (15, 22), Value: 0.18812714517116547
Index: (27, 30), Value: 0.1883544623851776
Index: (2, 15), Value: 0.18858551979064941
Index: (14, 22), Value: 0.18970561027526855
Index: (15, 19), Value: 0.19037896394729614
Index: (13, 30), Value: 0.1903950572013855
Index: (3, 30), Value: 0.19111011922359467
Index: (12, 30), Value: 0.19122420251369476
Index: (16, 24), Value: 0.19129492342472076
Index: (4, 30), Value: 0.1929204761981964
Index: (11, 13), Value: 0.19311659038066864
Index: (15, 28), Value: 0.19331739842891693
Index: (18, 26), Value: 0.19388747215270996
Index: (7, 12), Value: 0.19445085525512695
Index: (16, 19), Value: 0.19501706957817078
Index: (18, 22), Value: 0.19634178280830383
Index: (2, 14), Value: 0.19647912681102753
Index: (15, 24), Value: 0.19697372615337372
Index: (7, 15), Value: 0.19702553749084473
Index: (6, 13), Value: 0.19743111729621887
Index: (16, 22), Value: 0.19785664975643158
Index: (8, 11), Value: 0.19833147525787354
Index: (17, 22), Value: 0.19848224520683289
Index: (6, 11), Value: 0.1985122412443161
Index: (17, 19), Value: 0.19865936040878296
tensor([ 3, 18,  9, 26, 22, 19, 30, 27, 14,  4, 15, 24, 13,  6, 25, 28, 23,  2,
        31, 11, 12, 17, 29,  0, 16, 20,  7,  1, 10,  5,  8, 21],
       device='cuda:0')
********** Block 25 **********
tensor([[0.0000, 0.3177, 0.1926,  ..., 0.5143, 0.3393, 0.2546],
        [0.3177, 0.0000, 0.1959,  ..., 0.4418, 0.3089, 0.2192],
        [0.1926, 0.1959, 0.0000,  ..., 0.4576, 0.3314, 0.2343],
        ...,
        [0.5143, 0.4418, 0.4576,  ..., 0.0000, 0.3386, 0.2995],
        [0.3393, 0.3089, 0.3314,  ..., 0.3386, 0.0000, 0.2540],
        [0.2546, 0.2192, 0.2343,  ..., 0.2995, 0.2540, 0.0000]],
       device='cuda:0')
Index: (0, 10), Value: 0.10208722949028015
Index: (17, 22), Value: 0.1206047534942627
Index: (7, 10), Value: 0.1264817863702774
Index: (2, 10), Value: 0.13380149006843567
Index: (17, 20), Value: 0.13470759987831116
Index: (3, 22), Value: 0.13554657995700836
Index: (22, 27), Value: 0.13963237404823303
Index: (17, 27), Value: 0.1423989236354828
Index: (16, 20), Value: 0.14270633459091187
Index: (2, 11), Value: 0.14556382596492767
Index: (1, 27), Value: 0.1475885957479477
Index: (6, 10), Value: 0.14760594069957733
Index: (1, 20), Value: 0.14760830998420715
Index: (3, 20), Value: 0.151876762509346
Index: (2, 20), Value: 0.152368426322937
Index: (18, 20), Value: 0.15300828218460083
Index: (3, 10), Value: 0.15379677712917328
Index: (20, 22), Value: 0.1547333002090454
Index: (3, 17), Value: 0.1548057496547699
Index: (20, 27), Value: 0.16194431483745575
Index: (0, 20), Value: 0.16201478242874146
Index: (7, 20), Value: 0.1643919199705124
Index: (3, 27), Value: 0.16500547528266907
Index: (5, 20), Value: 0.1666814386844635
Index: (1, 22), Value: 0.167263925075531
Index: (6, 20), Value: 0.17126023769378662
Index: (5, 10), Value: 0.17172865569591522
Index: (11, 20), Value: 0.1723983883857727
Index: (18, 22), Value: 0.1733798086643219
Index: (10, 20), Value: 0.1763162612915039
Index: (1, 10), Value: 0.1779889166355133
Index: (6, 11), Value: 0.17804944515228271
Index: (16, 23), Value: 0.17957955598831177
Index: (1, 17), Value: 0.1796872317790985
Index: (18, 27), Value: 0.1828141212463379
Index: (6, 16), Value: 0.18471138179302216
Index: (24, 27), Value: 0.18541483581066132
Index: (7, 16), Value: 0.19134464859962463
Index: (1, 16), Value: 0.1919173300266266
Index: (0, 2), Value: 0.19262565672397614
Index: (0, 7), Value: 0.19408868253231049
Index: (23, 31), Value: 0.19428624212741852
Index: (5, 18), Value: 0.1945074498653412
Index: (2, 16), Value: 0.1946362555027008
Index: (10, 11), Value: 0.19575494527816772
Index: (16, 17), Value: 0.1958507001399994
Index: (1, 2), Value: 0.19587209820747375
Index: (6, 23), Value: 0.19724281132221222
Index: (16, 22), Value: 0.19762730598449707
Index: (11, 16), Value: 0.19794930517673492
Index: (3, 16), Value: 0.19811946153640747
Index: (16, 28), Value: 0.19972798228263855
tensor([10,  0, 20, 22,  2, 27, 11, 17,  6, 16,  3, 23, 18,  7, 31, 28,  1,  5,
        15, 24, 30, 29, 21,  9,  8, 26, 13, 12, 14,  4, 19, 25],
       device='cuda:0')
********** Block 26 **********
tensor([[0.0000, 0.1960, 0.3318,  ..., 0.3600, 0.5964, 0.2768],
        [0.1960, 0.0000, 0.2888,  ..., 0.3360, 0.5051, 0.2648],
        [0.3318, 0.2888, 0.0000,  ..., 0.3065, 0.4874, 0.2430],
        ...,
        [0.3600, 0.3360, 0.3065,  ..., 0.0000, 0.6307, 0.2002],
        [0.5964, 0.5051, 0.4874,  ..., 0.6307, 0.0000, 0.4418],
        [0.2768, 0.2648, 0.2430,  ..., 0.2002, 0.4418, 0.0000]],
       device='cuda:0')
Index: (6, 17), Value: 0.09779389202594757
Index: (3, 17), Value: 0.10285787284374237
Index: (7, 17), Value: 0.11980891227722168
Index: (12, 17), Value: 0.12061098963022232
Index: (3, 23), Value: 0.121213898062706
Index: (7, 23), Value: 0.1221962720155716
Index: (0, 23), Value: 0.12279778718948364
Index: (12, 23), Value: 0.1247752457857132
Index: (0, 17), Value: 0.12601003050804138
Index: (3, 6), Value: 0.13166427612304688
Index: (0, 12), Value: 0.1342780739068985
Index: (0, 6), Value: 0.1350824236869812
Index: (6, 23), Value: 0.1352185159921646
Index: (4, 17), Value: 0.13569557666778564
Index: (1, 17), Value: 0.1361844837665558
Index: (23, 26), Value: 0.13814598321914673
Index: (3, 12), Value: 0.1385023593902588
Index: (15, 17), Value: 0.13896970450878143
Index: (3, 26), Value: 0.13920864462852478
Index: (7, 26), Value: 0.13952553272247314
Index: (10, 17), Value: 0.14003850519657135
Index: (1, 6), Value: 0.14182381331920624
Index: (0, 26), Value: 0.14303025603294373
Index: (17, 23), Value: 0.14397627115249634
Index: (1, 26), Value: 0.1442006528377533
Index: (13, 17), Value: 0.14501619338989258
Index: (6, 26), Value: 0.14510363340377808
Index: (12, 26), Value: 0.14536628127098083
Index: (9, 17), Value: 0.14754681289196014
Index: (1, 23), Value: 0.1483500897884369
Index: (21, 23), Value: 0.14862358570098877
Index: (25, 26), Value: 0.14931035041809082
Index: (0, 3), Value: 0.15032532811164856
Index: (13, 26), Value: 0.15052318572998047
Index: (15, 23), Value: 0.151757150888443
Index: (17, 26), Value: 0.153285950422287
Index: (7, 12), Value: 0.15370073914527893
Index: (1, 12), Value: 0.1541420966386795
Index: (9, 26), Value: 0.15459507703781128
Index: (1, 3), Value: 0.15722861886024475
Index: (0, 25), Value: 0.15758360922336578
Index: (15, 26), Value: 0.1578180193901062
Index: (10, 23), Value: 0.15842318534851074
Index: (7, 25), Value: 0.15879866480827332
Index: (0, 7), Value: 0.15999993681907654
Index: (12, 25), Value: 0.1621914654970169
Index: (3, 7), Value: 0.1623140275478363
Index: (21, 26), Value: 0.16288921236991882
Index: (23, 25), Value: 0.16375350952148438
Index: (3, 25), Value: 0.1644100546836853
Index: (6, 12), Value: 0.1646994650363922
Index: (1, 7), Value: 0.165675550699234
Index: (13, 23), Value: 0.1677912175655365
Index: (18, 26), Value: 0.16863879561424255
Index: (4, 26), Value: 0.17061635851860046
Index: (18, 23), Value: 0.17067456245422363
Index: (10, 12), Value: 0.17343352735042572
Index: (10, 26), Value: 0.17379315197467804
Index: (9, 23), Value: 0.1765667200088501
Index: (10, 25), Value: 0.17731603980064392
Index: (5, 17), Value: 0.17778030037879944
Index: (13, 15), Value: 0.17778891324996948
Index: (6, 7), Value: 0.1779012680053711
Index: (2, 26), Value: 0.17872856557369232
Index: (1, 25), Value: 0.18014568090438843
Index: (4, 15), Value: 0.18076816201210022
Index: (2, 6), Value: 0.18177595734596252
Index: (4, 23), Value: 0.18618619441986084
Index: (21, 25), Value: 0.18733860552310944
Index: (4, 6), Value: 0.18736138939857483
Index: (2, 23), Value: 0.1873834729194641
Index: (9, 12), Value: 0.18804949522018433
Index: (5, 26), Value: 0.18847668170928955
Index: (2, 17), Value: 0.18906965851783752
Index: (9, 13), Value: 0.19052331149578094
Index: (2, 7), Value: 0.19200783967971802
Index: (2, 12), Value: 0.1921832412481308
Index: (22, 26), Value: 0.1924375593662262
Index: (22, 23), Value: 0.19402195513248444
Index: (4, 13), Value: 0.19515390694141388
Index: (6, 25), Value: 0.19560378789901733
Index: (5, 23), Value: 0.1957586407661438
Index: (0, 1), Value: 0.19601207971572876
Index: (22, 31), Value: 0.19655655324459076
Index: (11, 12), Value: 0.1994294971227646
tensor([17, 23,  6,  3, 12, 25, 26,  7,  0, 10, 15, 31,  4, 18, 21, 13,  1, 27,
        22,  9, 29,  5, 16,  2, 14, 28,  8, 11, 24, 19, 30, 20],
       device='cuda:0')
********** Block 27 **********
tensor([[0.0000, 0.3297, 0.4390,  ..., 0.3144, 0.3114, 0.3033],
        [0.3297, 0.0000, 0.3646,  ..., 0.2778, 0.1952, 0.2306],
        [0.4390, 0.3646, 0.0000,  ..., 0.3807, 0.2487, 0.2958],
        ...,
        [0.3144, 0.2778, 0.3807,  ..., 0.0000, 0.2097, 0.2361],
        [0.3114, 0.1952, 0.2487,  ..., 0.2097, 0.0000, 0.2604],
        [0.3033, 0.2306, 0.2958,  ..., 0.2361, 0.2604, 0.0000]],
       device='cuda:0')
Index: (8, 16), Value: 0.0783097892999649
Index: (11, 16), Value: 0.09315371513366699
Index: (5, 16), Value: 0.09504102170467377
Index: (5, 8), Value: 0.1068013459444046
Index: (25, 30), Value: 0.10898171365261078
Index: (4, 16), Value: 0.11881564557552338
Index: (14, 16), Value: 0.1189846470952034
Index: (10, 16), Value: 0.11948133260011673
Index: (6, 16), Value: 0.12100373208522797
Index: (8, 30), Value: 0.1215585470199585
Index: (16, 30), Value: 0.12296676635742188
Index: (4, 8), Value: 0.12343369424343109
Index: (6, 11), Value: 0.1259586364030838
Index: (11, 30), Value: 0.12709370255470276
Index: (6, 8), Value: 0.127897247672081
Index: (8, 11), Value: 0.12807047367095947
Index: (15, 16), Value: 0.12999555468559265
Index: (5, 30), Value: 0.13037143647670746
Index: (17, 30), Value: 0.13075456023216248
Index: (12, 16), Value: 0.13349857926368713
Index: (10, 11), Value: 0.1351529061794281
Index: (4, 11), Value: 0.13653594255447388
Index: (5, 11), Value: 0.13898107409477234
Index: (13, 16), Value: 0.14193446934223175
Index: (23, 30), Value: 0.14943131804466248
Index: (14, 30), Value: 0.14974790811538696
Index: (15, 20), Value: 0.15157900750637054
Index: (1, 16), Value: 0.15558886528015137
Index: (4, 5), Value: 0.15587280690670013
Index: (4, 30), Value: 0.15630902349948883
Index: (1, 8), Value: 0.15661238133907318
Index: (6, 30), Value: 0.15676729381084442
Index: (17, 25), Value: 0.15726351737976074
